height-profile: h(x,y)=0.4*(0.9 -e^(-(x^2+y^2)/8))
friction-coefficient-kinetic: 0.08
friction-coefficient-static: 0.2
target-x-position: 4
target-y-position: 1
target-radius: 0.15
ball-x-position: -4.829021887030001
ball-y-position: -0.21990290048659694
x-velocity: -4.86962457390714
y-velocity: -0.5705881670535178


0.4*(0.9 -e^(-(x^2+y^2)/8))
