height-profile: h(x,y)=0
friction-coefficient-kinetic: 0.08
friction-coefficient-static: 0.2
target-x-position: 4
target-y-position: 1
target-radius: 0.15
ball-x-position: 1.8188411048057507
ball-y-position: 3.4257273000956716
x-velocity: 2.4880385733451074
y-velocity: 2.285376756586602


((1/20)*(x^2+y^2))-0.1 t[2,2] b[-3,-3]
0.4*(0.9-Math.pow(Math.E, (-((Math.pow(x, 2)+Math.pow(y, 2))/8))))
