height-profile: h(x,y)=0.4*(0.9 -e^(-(x^2+y^2)/8))
friction-coefficient-kinetic: 0.08
friction-coefficient-static: 0.2
target-x-position: 4
target-y-position: 1
target-radius: 0.15
ball-x-position: 3.944093379709712
ball-y-position: 1.1368852241324034
x-velocity: 3.290595934023019
y-velocity: 1.3214838413148058



0.4*(0.9 -e^(-(x^2+y^2)/8))
