height-profile: h(x,y)=0
friction-coefficient-kinetic: 0.08
friction-coefficient-static: 0.2
target-x-position: -3
target-y-position: -3
target-radius: 0.15
ball-x-position: 1.9832213200000173
ball-y-position: 3.505871879999998
x-velocity: -2.4296153047135083
y-velocity: -3.110886469347737



0.4*(0.9 -e^(-(x^2+y^2)/8))
